<?xml version="1.0"?>
<opencv_storage>
<source>"stereo_sgbm.py -cbx 6 -cby 8 -cbw 80.8 -i 1000"</source>
<description>"camera matrices K for left and right, distortion coefficients for left and right, 3D rotation matrix R, 3D translation vector T, Essential matrix E, Fundamental matrix F, disparity to depth projection matrix Q"</description>
<K_l type_id="opencv-matrix">
  <rows>3</rows>
  <cols>3</cols>
  <dt>d</dt>
  <data>
    1.0242762453812702e+03 0. 3.9796805112326558e+02 0.
    2.2279701158622538e+03 9.3775897818743545e+02 0. 0. 1.</data></K_l>
<K_r type_id="opencv-matrix">
  <rows>3</rows>
  <cols>3</cols>
  <dt>d</dt>
  <data>
    1.3118340729087297e+03 0. 3.2547229253986592e+02 0.
    2.7789517965608602e+03 7.6450421768255251e+02 0. 0. 1.</data></K_r>
<distort_l type_id="opencv-matrix">
  <rows>1</rows>
  <cols>5</cols>
  <dt>d</dt>
  <data>
    4.1770221098123889e-01 -3.3302232089146795e+00
    2.3281596060394202e-02 1.2034742689946450e-01 6.5322651042060516e+00</data></distort_l>
<distort_r type_id="opencv-matrix">
  <rows>1</rows>
  <cols>5</cols>
  <dt>d</dt>
  <data>
    -2.5287854351850103e+00 1.0744144707033550e+01
    -7.3117773296218477e-02 4.9624210188099580e-02
    -1.3706109381145648e+01</data></distort_r>
<R type_id="opencv-matrix">
  <rows>3</rows>
  <cols>3</cols>
  <dt>d</dt>
  <data>
    9.9536441691657285e-01 2.1049036744516660e-02 9.3843569776830421e-02
    -3.1301695101600323e-02 9.9353152176961035e-01
    1.0915731369875682e-01 -9.0938888381689065e-02
    -1.1158876871034262e-01 9.8958479438480274e-01</data></R>
<T type_id="opencv-matrix">
  <rows>3</rows>
  <cols>1</cols>
  <dt>d</dt>
  <data>
    8.3499577519481747e+01 -2.4961248342590817e+01
    1.1634993657846758e+01</data></T>
<E type_id="opencv-matrix">
  <rows>3</rows>
  <cols>3</cols>
  <dt>d</dt>
  <data>
    2.6341432008814603e+00 -8.7743379866374660e+00
    -2.5971316461283358e+01 1.9174417438033007e+01
    9.5625204522590082e+00 -8.1538042911651118e+01
    2.2231860085405422e+01 8.3484872553602443e+01 1.1457042227562447e+01</data></E>
<F type_id="opencv-matrix">
  <rows>3</rows>
  <cols>3</cols>
  <dt>d</dt>
  <data>
    -2.0629746290772877e-06 3.1591962478411133e-06
    1.8692093283863623e-02 -7.0888302564342808e-06
    -1.6252961845012612e-06 3.5221886209967516e-02
    -1.6749807969418991e-02 -3.9217697385036727e-02
    9.9999999999999989e-01</data></F>
<Q type_id="opencv-matrix">
  <rows>4</rows>
  <cols>4</cols>
  <dt>d</dt>
  <data>
    1. 0. 0. 1.0057754707336426e+02 0. 1. 0. -7.7909590530395508e+02 0.
    0. 0. 2.5034609562115570e+03 0. 0. -1.1373468704832020e-02 0.</data></Q>
</opencv_storage>
