<?xml version="1.0"?>
<opencv_storage>
<source>captured_calib.py</source>
<description>"camera matrices K for left and right, distortion coefficients for left and right, 3D rotation matrix R, 3D translation vector T, Essential matrix E, Fundamental matrix F, disparity to depth projection matrix Q"</description>
<K_l type_id="opencv-matrix">
  <rows>3</rows>
  <cols>3</cols>
  <dt>d</dt>
  <data>
    1.5201569447965710e+03 0. 3.4400433947361137e+02 0.
    1.7898034225133567e+03 9.1247422668895149e+02 0. 0. 1.</data></K_l>
<K_r type_id="opencv-matrix">
  <rows>3</rows>
  <cols>3</cols>
  <dt>d</dt>
  <data>
    2.3164146246948976e+03 0. 1.7172873465798685e+02 0.
    3.3784935424294476e+03 7.9719563147216138e+02 0. 0. 1.</data></K_r>
<distort_l type_id="opencv-matrix">
  <rows>1</rows>
  <cols>5</cols>
  <dt>d</dt>
  <data>
    1.2176269776704178e+00 -7.2553209630502113e+00
    4.9364266428721423e-02 -6.0287571028451517e-02
    1.2833931862586637e+01</data></distort_l>
<distort_r type_id="opencv-matrix">
  <rows>1</rows>
  <cols>5</cols>
  <dt>d</dt>
  <data>
    -6.3367006528014980e-01 6.2825869457804693e+00
    1.5230404992883440e-01 1.1512121745815009e-01
    -7.6126064588557682e+01</data></distort_r>
<R type_id="opencv-matrix">
  <rows>3</rows>
  <cols>3</cols>
  <dt>d</dt>
  <data>
    9.9931823125640873e-01 -2.8919048496723193e-02
    -2.2951281284648056e-02 2.4604201161575825e-02
    9.8513639061881109e-01 -1.7000272104805242e-01
    2.7526459339398793e-02 1.6932212056487300e-01 9.8517628550612757e-01</data></R>
<T type_id="opencv-matrix">
  <rows>3</rows>
  <cols>1</cols>
  <dt>d</dt>
  <data>
    9.1148608194392966e+02 9.4313540910734014e+02 3.5031400951829428e+03</data></T>
<E type_id="opencv-matrix">
  <rows>3</rows>
  <cols>3</cols>
  <dt>d</dt>
  <data>
    -6.0230785108722557e+01 -3.2913771017506888e+03
    1.5246979874673050e+03 3.4756617791885683e+03
    -2.5564223456352480e+02 -9.7837602620412690e+02
    -9.2006602194831157e+02 9.2521268750047682e+02
    -1.3330894806396194e+02</data></E>
<F type_id="opencv-matrix">
  <rows>3</rows>
  <cols>3</cols>
  <dt>d</dt>
  <data>
    6.8544448121225627e-08 3.1813723115623919e-06
    -5.5642035655182037e-03 -2.7119674521052330e-06
    1.6941921442046715e-07 1.9388273513794914e-03 4.5756292604166599e-03
    -2.7529400139848824e-03 1.</data></F>
<Q type_id="opencv-matrix">
  <rows>4</rows>
  <cols>4</cols>
  <dt>d</dt>
  <data>
    1. 0. 0. -1.1739393218994141e+04 0. 1. 0. -6.2473706054687500e+02 0.
    0. 0. 1.9182857847457344e+03 0. 0. -2.6733475185213202e-04 0.</data></Q>
</opencv_storage>
