<?xml version="1.0"?>
<opencv_storage>
<source>"cb_calib_capture.py -cbx 6 -cby 8 -cbw 80.8"</source>
<description>"camera matrices K for left and right, distortion coefficients for left and right, 3D rotation matrix R, 3D translation vector T, Essential matrix E, Fundamental matrix F, disparity to depth projection matrix Q"</description>
<K_l type_id="opencv-matrix">
  <rows>3</rows>
  <cols>3</cols>
  <dt>d</dt>
  <data>
    7.9383918162834857e+02 0. 3.7899855797982809e+02 0.
    8.6560478162422703e+02 9.6660941564875839e+02 0. 0. 1.</data></K_l>
<K_r type_id="opencv-matrix">
  <rows>3</rows>
  <cols>3</cols>
  <dt>d</dt>
  <data>
    9.7319185792831945e+02 0. 4.3529347838493499e+02 0.
    8.7850238930623323e+02 9.3662453513536502e+02 0. 0. 1.</data></K_r>
<distort_l type_id="opencv-matrix">
  <rows>1</rows>
  <cols>5</cols>
  <dt>d</dt>
  <data>
    -3.2603355019404118e-01 1.2333812133990919e-01
    1.8361235590253811e-02 1.1972845945462572e-04
    -1.6824731234547283e-02</data></distort_l>
<distort_r type_id="opencv-matrix">
  <rows>1</rows>
  <cols>5</cols>
  <dt>d</dt>
  <data>
    -3.7482541362759475e-01 1.6335352169319717e-01
    -2.6836880169256701e-03 6.9582615553834075e-04
    -2.7183484619523759e-02</data></distort_r>
<R type_id="opencv-matrix">
  <rows>3</rows>
  <cols>3</cols>
  <dt>d</dt>
  <data>
    9.9974017224392686e-01 1.1071711532138722e-02
    -1.9924989471330104e-02 -1.0076622527964763e-02
    9.9872985513557377e-01 4.9367379303591148e-02 2.0446263231026399e-02
    -4.9153775690427212e-02 9.9858192285623848e-01</data></R>
<T type_id="opencv-matrix">
  <rows>3</rows>
  <cols>1</cols>
  <dt>d</dt>
  <data>
    8.2242867981883691e+01 3.9575457566491387e+01
    -9.5026830050882989e+00</data></T>
<E type_id="opencv-matrix">
  <rows>3</rows>
  <cols>3</cols>
  <dt>d</dt>
  <data>
    7.1341527324761767e-01 7.5453300570017765e+00 3.9988459070976425e+01
    -1.1181773271918560e+01 3.9373365199052341e+00
    -8.1936900391735421e+01 -4.0393905100426998e+01
    8.1700239575552231e+01 4.8486554340122368e+00</data></E>
<F type_id="opencv-matrix">
  <rows>3</rows>
  <cols>3</cols>
  <dt>d</dt>
  <data>
    1.7460137363570730e-07 1.6935435888793285e-06 6.0659623091261173e-03
    -3.0315969059450444e-06 9.7898534807849165e-07
    -1.7432218833602235e-02 -6.8575203157100932e-03
    1.6191830595742276e-02 1.</data></F>
<Q type_id="opencv-matrix">
  <rows>4</rows>
  <cols>4</cols>
  <dt>d</dt>
  <data>
    1. 0. 0. -1.4391374359130859e+03 0. 1. 0. -1.7319945144653320e+03 0.
    0. 0. 8.7205358546523007e+02 0. 0. -1.0897665018648559e-02 0.</data></Q>
</opencv_storage>
