<?xml version="1.0"?>
<opencv_storage>
<source>captured_calib.py</source>
<description>"camera matrices K for left and right, distortion coefficients for left and right, 3D rotation matrix R, 3D translation vector T, Essential matrix E, Fundamental matrix F, disparity to depth projection matrix Q"</description>
<K_l type_id="opencv-matrix">
  <rows>3</rows>
  <cols>3</cols>
  <dt>d</dt>
  <data>
    2.9438587381780562e+03 0. 4.9454481052997608e+02 0.
    1.0678745205350184e+04 9.9074610223891273e+02 0. 0. 1.</data></K_l>
<K_r type_id="opencv-matrix">
  <rows>3</rows>
  <cols>3</cols>
  <dt>d</dt>
  <data>
    2.3422856111619749e+03 0. 5.8494953581702828e+02 0.
    8.8308150344870246e+03 1.0111756827065738e+03 0. 0. 1.</data></K_r>
<distort_l type_id="opencv-matrix">
  <rows>1</rows>
  <cols>5</cols>
  <dt>d</dt>
  <data>
    2.9173721548051312e-02 8.7164210264089763e+02
    -7.4826701200406187e-01 1.4662643903422284e-02
    -1.9976435215990867e+04</data></distort_l>
<distort_r type_id="opencv-matrix">
  <rows>1</rows>
  <cols>5</cols>
  <dt>d</dt>
  <data>
    -1.8137993596999662e+00 7.4798600013044791e+02
    -6.2661829080684806e-01 1.1790070055552876e-01
    -1.8351453426852284e+04</data></distort_r>
<R type_id="opencv-matrix">
  <rows>3</rows>
  <cols>3</cols>
  <dt>d</dt>
  <data>
    9.9830573460340599e-01 1.7391237616568387e-02
    -5.5526616249489007e-02 -1.5562581162481083e-02
    9.9932764853405875e-01 3.3197243002242784e-02 5.6066623988921864e-02
    -3.2276860590101153e-02 9.9790517482621166e-01</data></R>
<T type_id="opencv-matrix">
  <rows>3</rows>
  <cols>1</cols>
  <dt>d</dt>
  <data>
    3.2146333908019596e+02 -2.5315821985037843e+02
    -9.2185958795196859e+02</data></T>
<E type_id="opencv-matrix">
  <rows>3</rows>
  <cols>3</cols>
  <dt>d</dt>
  <data>
    -2.8540241379969860e+01 9.2941092687596586e+02
    -2.2202470088329551e+02 -9.3832107731001577e+02
    -5.6564517628646094e+00 -2.6960218600891972e+02
    2.4772650333342486e+02 3.2564993748892442e+02
    -3.3853227402780983e+00</data></E>
<F type_id="opencv-matrix">
  <rows>3</rows>
  <cols>3</cols>
  <dt>d</dt>
  <data>
    -3.1048380451228536e-07 2.7873135476028830e-06
    -9.7184625276245523e-03 -2.7075210611783288e-06
    -4.4994683538721622e-09 -9.4668490343924924e-04
    9.2317840460168776e-03 6.6165306352112098e-04 1.</data></F>
<Q type_id="opencv-matrix">
  <rows>4</rows>
  <cols>4</cols>
  <dt>d</dt>
  <data>
    1. 0. 0. -2.3865837646484375e+04 0. 1. 0. -8.2832243652343750e+03 0.
    0. 0. 9.7547801199186033e+03 0. 0. -9.9148361071042172e-04 0.</data></Q>
</opencv_storage>
