<?xml version="1.0"?>
<opencv_storage>
<source>captured_calib.py</source>
<description>"camera matrices K for left and right, distortion coefficients for left and right, 3D rotation matrix R, 3D translation vector T, Essential matrix E, Fundamental matrix F, disparity to depth projection matrix Q"</description>
<K_l type_id="opencv-matrix">
  <rows>3</rows>
  <cols>3</cols>
  <dt>d</dt>
  <data>
    8.4213534390153825e+02 0. 3.2813074987772399e+02 0.
    8.7492714105767880e+02 9.7443053220786737e+02 0. 0. 1.</data></K_l>
<K_r type_id="opencv-matrix">
  <rows>3</rows>
  <cols>3</cols>
  <dt>d</dt>
  <data>
    1.0537938812249913e+03 0. 3.8426171412799772e+02 0.
    9.0341865318901603e+02 9.3183099455029435e+02 0. 0. 1.</data></K_r>
<distort_l type_id="opencv-matrix">
  <rows>1</rows>
  <cols>5</cols>
  <dt>d</dt>
  <data>
    -3.0326718817530790e-01 1.1296057018042552e-01
    2.3807866696316328e-02 3.1682530552575102e-03
    -1.5022245210629165e-02</data></distort_l>
<distort_r type_id="opencv-matrix">
  <rows>1</rows>
  <cols>5</cols>
  <dt>d</dt>
  <data>
    -4.0882280679684313e-01 2.0606962075580434e-01
    -6.0359503128880906e-04 3.2285639425231804e-03
    -3.9737403982101842e-02</data></distort_r>
<R type_id="opencv-matrix">
  <rows>3</rows>
  <cols>3</cols>
  <dt>d</dt>
  <data>
    9.9955679868248770e-01 1.3874222953433114e-02
    -2.6338415765856715e-02 -1.2068767656459105e-02
    9.9764552068861601e-01 6.7511183497214758e-02 2.7213067722531882e-02
    -6.7163390231424633e-02 9.9737080765267550e-01</data></R>
<T type_id="opencv-matrix">
  <rows>3</rows>
  <cols>1</cols>
  <dt>d</dt>
  <data>
    7.3790990321411343e+01 3.7044870848239249e+01
    -2.9530758685750653e+00</data></T>
<E type_id="opencv-matrix">
  <rows>3</rows>
  <cols>3</cols>
  <dt>d</dt>
  <data>
    9.7246459263585316e-01 4.5806379568453875e-01 3.7146838404142002e+01
    -4.9598462783886603e+00 4.9150814455212144e+00
    -7.3519200274342140e+01 -3.7919018830001370e+01
    7.3103282163903430e+01 5.9574202984233890e+00</data></E>
<F type_id="opencv-matrix">
  <rows>3</rows>
  <cols>3</cols>
  <dt>d</dt>
  <data>
    1.9644946700089215e-07 8.9066221930959122e-08 6.1682222553191652e-03
    -1.1687238128016975e-06 1.1147677622686421e-06
    -1.5291797107253742e-02 -7.0585960408319623e-03
    1.3905889428551787e-02 1.</data></F>
<Q type_id="opencv-matrix">
  <rows>4</rows>
  <cols>4</cols>
  <dt>d</dt>
  <data>
    1. 0. 0. -3.7783173763751984e+02 0. 1. 0. -9.6040924072265625e+02 0.
    0. 0. 8.8917289712334741e+02 0. 0. -1.2103528000900173e-02 0.</data></Q>
</opencv_storage>
