<?xml version="1.0"?>
<opencv_storage>
<source>captured_calib.py</source>
<description>"camera matrices K for left and right, distortion coefficients for left and right, 3D rotation matrix R, 3D translation vector T, Essential matrix E, Fundamental matrix F, disparity to depth projection matrix Q"</description>
<K_l type_id="opencv-matrix">
  <rows>3</rows>
  <cols>3</cols>
  <dt>d</dt>
  <data>
    1.8740275327704057e+03 0. 5.6341091947004736e+02 0.
    2.6745705566323550e+03 8.8401494557405044e+02 0. 0. 1.</data></K_l>
<K_r type_id="opencv-matrix">
  <rows>3</rows>
  <cols>3</cols>
  <dt>d</dt>
  <data>
    1.4051416656587135e+03 0. 4.5831232477921833e+02 0.
    2.5602967670622111e+03 9.2342410772651760e+02 0. 0. 1.</data></K_r>
<distort_l type_id="opencv-matrix">
  <rows>1</rows>
  <cols>5</cols>
  <dt>d</dt>
  <data>
    -1.8304947430760758e+00 7.8367551436601124e+00
    -8.7297898250809233e-02 -1.5805446258561109e-01
    5.2453104727118642e+00</data></distort_l>
<distort_r type_id="opencv-matrix">
  <rows>1</rows>
  <cols>5</cols>
  <dt>d</dt>
  <data>
    -3.4708156465877227e-01 5.2998393682011056e+00
    -8.7248700477047442e-02 -9.9233908303673138e-02
    -2.0317592311016178e+01</data></distort_r>
<R type_id="opencv-matrix">
  <rows>3</rows>
  <cols>3</cols>
  <dt>d</dt>
  <data>
    9.9742723277033574e-01 -3.3350048737996595e-02
    6.3456202039546244e-02 3.4259078789197719e-02 9.9932460064366169e-01
    -1.3291277925830821e-02 -6.2970078994916343e-02
    1.5431033586878954e-02 9.9789611300666692e-01</data></R>
<T type_id="opencv-matrix">
  <rows>3</rows>
  <cols>1</cols>
  <dt>d</dt>
  <data>
    1.5817496932793074e+02 -1.5016320682865626e+01
    -2.7331744561209456e+02</data></T>
<E type_id="opencv-matrix">
  <rows>3</rows>
  <cols>3</cols>
  <dt>d</dt>
  <data>
    1.0309182803300054e+01 2.7290112983644343e+02
    -1.8617466172701725e+01 -2.6265397313112999e+02
    6.6743468678052400e+00 -1.7518587411698462e+02
    2.0396615921787131e+01 1.5756734302881884e+02
    -1.1494687991047547e+00</data></E>
<F type_id="opencv-matrix">
  <rows>3</rows>
  <cols>3</cols>
  <dt>d</dt>
  <data>
    3.0967569380540064e-07 5.7439429819308394e-06
    -6.3002498763347729e-03 -4.3300873492864267e-06
    7.7098044666555764e-08 -3.0409105204072555e-03
    4.7174955123767751e-03 1.9563416710802308e-03 1.</data></F>
<Q type_id="opencv-matrix">
  <rows>4</rows>
  <cols>4</cols>
  <dt>d</dt>
  <data>
    1. 0. 0. -6.2388724670410156e+03 0. 1. 0. -8.4275288391113281e+02 0.
    0. 0. 2.6174336618472830e+03 0. 0. -3.1631122485535879e-03 0.</data></Q>
</opencv_storage>
